1 6422528
1 6422552
1 6422600
2 6422384
2 6422540
2 6422564
3 6422444
4 6422132
4 6422204
5 6422432
6 6422036
6 6422420
7 6422156
8 6422240
9 6422072
9 6422396
10 6422084
10 6422372
11 6422096
11 6422612
12 6422180
12 6422288
12 6422360
13 6422228
13 6422252
13 6422348
13 6422408
13 6422504
14 6422060
14 6422120
15 6422456
15 6422468
16 6422276
16 6422324
17 6422300
18 6422144
18 6422168
18 6422216
19 6422312
20 6422516
21 6422192
22 6422108
22 6422336
22 6422480
22 6422492
23 6422264
24 6422048
24 6422576
25 6422588
25 6422624
30 6422636
30 6422648
